(exile (32777 58835 111829 130486 ) )
(sept (39369 58589 96201 129391 ) )
(burythehatchet (34105 52380 75853 106552 ) )
(detonation (70740 84243 126423 154560 ) )
(exsandohs (48936 59098 106723 111463 ) )
(famouslastwords (54543 87089 145800 151069 ) )
(memoriesofthe (39229 46979 80436 88574 ) )
(sindocumentos (63562 79211 102321 123532 ) )
(stateofmass (52518 62177 104828 141583 ) )
(teenagers (21587 25237 48088 53352 ) )
(thisishowidisappear (58926 70912 130531 146342 ) )
(youshouldbeashamed (35952 40277 74291 89095 ) )
